10
2S-1 2900.0 3900.0 100.0 10.0 28.0 275.0 7.04 2.0 1
2S-2 2900.0 3900.0 100.0 10.0 28.0 275.0 7.04 2.0 2
2S-3 2900.0 3900.0 100.0 10.0 28.0 275.0 7.04 2.0 3
2S-4 2900.0 3900.0 100.0 10.0 28.0 275.0 7.04 2.0 4
2S-5 2900.0 3900.0 100.0 10.0 28.0 275.0 7.04 2.0 5
2S-6 2900.0 3900.0 100.0 10.0 28.0 275.0 7.04 2.0 6
2S-7 2900.0 3900.0 100.0 10.0 28.0 275.0 7.04 2.0 7
2S-8 2900.0 3900.0 100.0 10.0 28.0 275.0 7.04 2.0 8
2S-9 2900.0 3900.0 100.0 10.0 28.0 275.0 7.04 2.0 9
2S-10 2900.0 3900.0 100.0 10.0 28.0 275.0 7.04 2.0 5
