 STORY2      B2          COMAX   
                                   0.1250        4.12        9.65        3.50       1.025       2.326       8.633
                                   0.6417        4.12       10.41        3.50       1.025       0.519       3.451
                                   1.1583        4.12       11.18        3.50       1.025       1.364       2.888
                                   1.6750        4.12       11.95        3.50       1.025       3.343       8.271
 STORY2      B2          COMIN   
                                   0.1250       -4.26      -12.34       -3.83      -1.250      -2.594      -9.067
                                   0.6417       -4.26      -11.57       -3.83      -1.250      -0.615      -2.892
                                   1.1583       -4.26      -10.80       -3.83      -1.250      -1.287      -2.127
                                   1.6750       -4.26      -10.04       -3.83      -1.250      -3.094      -8.101

 STORY2      B2          COMAX   
                                   0.1250        4.12        9.65        3.50       1.025       2.326       8.633
                                   0.6417        4.12       10.41        3.50       1.025       0.519       3.451
                                   1.1583        4.12       11.18        3.50       1.025       1.364       2.888
                                   1.6750        4.12       11.95        3.50       1.025       3.343       8.271
 STORY2      B2          COMIN   
                                   0.1250       -4.26      -12.34       -3.83      -1.250      -2.594      -9.067
                                   0.6417       -4.26      -11.57       -3.83      -1.250      -0.615      -2.892
                                   1.1583       -4.26      -10.80       -3.83      -1.250      -1.287      -2.127
                                   1.6750       -4.26      -10.04       -3.83      -1.250      -3.094      -8.101
 
 STORY2      B4          COMAX   
                                   0.1000        0.61        0.61        0.70      -0.121       1.834      10.006
                                   0.6712        0.61        1.46        0.70      -0.121       1.432       9.416
                                   1.2423        0.61        2.31        0.70      -0.121       1.031       8.341
                                   1.8135        0.61        3.15        0.70      -0.121       0.629       7.472
                                   2.3846        0.61        4.00        0.70      -0.121       0.228      10.530
                                   2.9558        0.61        4.85        0.70      -0.121       0.189      12.942
                                   2.9558        0.61       15.17        0.70      -0.121       0.189      12.942
                                   3.5039        0.61       16.26        0.70      -0.121       0.566       5.811
                                   4.0519        0.61       17.34        0.70      -0.121       0.944       5.169
                                   4.6000        0.61       18.43        0.70      -0.121       1.321       4.082
 STORY2      B4          COMIN   
                                   0.1000       -1.50       -9.31       -0.69      -0.494      -1.777     -13.888
                                   0.6712       -1.50       -8.24       -0.69      -0.494      -1.384      -8.941
                                   1.2423       -1.50       -7.39       -0.69      -0.494      -0.990      -4.477
                                   1.8135       -1.50       -6.54       -0.69      -0.494      -0.597      -0.499
                                   2.3846       -1.50       -5.69       -0.69      -0.494      -0.204       2.996
                                   2.9558       -1.50       -4.85       -0.69      -0.494      -0.174       2.212
                                   2.9558       -1.50       -0.05       -0.69      -0.494      -0.174       2.212
                                   3.5039       -1.50        0.76       -0.69      -0.494      -0.559      -3.297
                                   4.0519       -1.50        1.58       -0.69      -0.494      -0.944      -9.253
                                   4.6000       -1.50        2.39       -0.69      -0.494      -1.330     -15.654
 
 STORY2      B5          COMAX   
                                   0.1000        1.46        3.47        0.83       0.092       2.024      14.797
                                   0.6825        1.46        4.34        0.83       0.092       1.543      12.522
                                   1.2651        1.46        5.20        0.83       0.092       1.061       9.744
                                   1.8476        1.46        6.07        0.83       0.092       0.579       6.462
                                   2.4302        1.46        6.93        0.83       0.092       0.098       4.820
                                   3.0127        1.46        7.80        0.83       0.092       0.350       5.681
                                   3.5952        1.46        8.66        0.83       0.092       0.800       8.646
                                   4.1778        1.46        9.53        0.83       0.092       1.250      11.106
                                   4.1778        1.46       29.12        0.83       0.092       1.250      11.106
                                   4.6000        1.46       29.96        0.83       0.092       1.577       9.747
 STORY2      B5          COMIN   
                                   0.1000       -2.58       -9.84       -0.77      -0.150      -1.901     -16.696
                                   0.6825       -2.58       -8.98       -0.77      -0.150      -1.451     -11.213
                                   1.2651       -2.58       -8.12       -0.77      -0.150      -1.001      -6.234
                                   1.8476       -2.58       -7.25       -0.77      -0.150      -0.550      -1.759
                                   2.4302       -2.58       -6.39       -0.77      -0.150      -0.100       2.213
                                   3.0127       -2.58       -5.52       -0.77      -0.150      -0.384      -1.614
                                   3.5952       -2.58       -4.66       -0.77      -0.150      -0.866      -6.408
                                   4.1778       -2.58       -3.79       -0.77      -0.150      -1.348     -11.705
                                   4.1778       -2.58        2.90       -0.77      -0.150      -1.348     -11.705
                                   4.6000       -2.58        3.53       -0.77      -0.150      -1.697     -18.686
 
 STORY2      B6          COMAX   
                                   0.1500        8.82        1.02        1.83       1.163       2.347       5.907
                                   0.6750        8.82        1.80        1.83       1.163       1.389       5.167
                                   1.2000        8.82        2.58        1.83       1.163       0.430       4.575
                                   1.2000        8.82        4.80        1.83       1.163       0.430       4.575
                                   1.7625        8.82        5.64        1.83       1.163       0.412       3.676
                                   2.3250        8.82        6.47        1.83       1.163       1.547       4.548
                                   2.8875        8.82        7.31        1.83       1.163       2.683       6.471
                                   3.4500        8.82        8.14        1.83       1.163       3.818       7.925
 STORY2      B6          COMIN   
                                   0.1500      -10.03       -9.76       -2.02       0.272      -2.843      -9.642
                                   0.6750      -10.03       -8.72       -2.02       0.272      -1.784      -4.971
                                   1.2000      -10.03       -7.73       -2.02       0.272      -0.724      -0.708
                                   1.2000      -10.03       -5.51       -2.02       0.272      -0.724      -0.708
                                   1.7625      -10.03       -4.67       -2.02       0.272      -0.596       1.084
                                   2.3250      -10.03       -3.84       -2.02       0.272      -1.623      -2.321
                                   2.8875      -10.03       -3.00       -2.02       0.272      -2.650      -6.195
                                   3.4500      -10.03       -2.17       -2.02       0.272      -3.676     -10.539
 
 STORY2      B7          COMAX   
                                   0.1500        3.95       14.58        0.71      -0.479       0.468      11.990
                                   0.7370        3.95       15.45        0.71      -0.479       0.610       3.175
                                   0.7370        3.95       16.72        0.71      -0.479       0.610       3.175
                                   1.1935        3.95       17.40        0.71      -0.479       0.734       3.979
                                   1.6500        3.95       18.08        0.71      -0.479       0.857       9.997
 STORY2      B7          COMIN   
                                   0.1500       -3.86      -16.34       -0.27      -2.160      -0.034     -11.684
                                   0.7370       -3.86      -15.47       -0.27      -2.160      -0.449      -2.348
                                   0.7370       -3.86      -14.20       -0.27      -2.160      -0.449      -2.348
                                   1.1935       -3.86      -13.52       -0.27      -2.160      -0.772      -4.612
                                   1.6500       -3.86      -12.84       -0.27      -2.160      -1.094     -12.709
 
 STORY2      B8          COMAX   
                                   0.1500       -0.60       -7.76        4.54       3.385       5.368      -4.572
                                   0.6659       -0.60       -6.99        4.54       3.385       3.028      -0.433
                                   1.1819       -0.60       -6.22        4.54       3.385       0.688       7.758
                                   1.1819       -0.60       -3.13        4.54       3.385       0.688       7.758
                                   1.6159       -0.60       -2.48        4.54       3.385       0.687       9.889
                                   2.0500       -0.60       -1.84        4.54       3.385       2.247      11.647
                                   2.0500       -0.80        3.97        1.41       3.385       2.247      11.647
                                   2.5042       -0.80        4.87        1.41       3.385       1.606       9.639
                                   2.9583       -0.80        5.77        1.41       3.385       0.964       7.222
                                   3.4125       -0.80        6.67        1.41       3.385       0.323       4.397
                                   3.4125       -0.80       19.35        1.41       3.385       0.323       4.397
                                   3.8813       -0.80       20.28        1.41       3.385       0.321      -1.415
                                   4.3500       -0.80       21.21        1.41       3.385       1.234      -4.856
 STORY2      B8          COMIN   
                                   0.1500       -4.56      -19.54       -3.60      -3.596      -4.584     -11.347
                                   0.6659       -4.56      -18.51       -3.60      -3.596      -2.729      -1.531
                                   1.1819       -4.56      -17.49       -3.60      -3.596      -0.874       2.343
                                   1.1819       -4.56       -5.37       -3.60      -3.596      -0.874       2.343
                                   1.6159       -4.56       -4.48       -3.60      -3.596      -1.280       3.561
                                   2.0500       -4.56       -3.62       -3.60      -3.596      -3.249       4.500
                                   2.0500       -4.59        1.04       -1.95      -3.596      -3.249       4.500
                                   2.5042       -4.59        1.72       -1.95      -3.596      -2.364       3.873
                                   2.9583       -4.59        2.39       -1.95      -3.596      -1.478       2.939
                                   3.4125       -4.59        3.07       -1.95      -3.596      -0.593       1.300
                                   3.4125       -4.59        6.30       -1.95      -3.596      -0.593       1.300
                                   3.8813       -4.59        6.99       -1.95      -3.596      -0.339      -4.892
                                   4.3500       -4.59        7.69       -1.95      -3.596      -1.001     -14.616
 
 STORY2      B9          COMAX   
                                   0.1500        1.38       -2.62        4.91       4.769       7.765      -0.736
                                   0.7090        1.38       -1.79        4.91       4.769       5.022       0.689
                                   1.2680        1.38       -0.96        4.91       4.769       2.278       2.496
                                   1.8270        1.38       -0.13        4.91       4.769       0.519       3.746
                                   2.3860        1.38        1.04        4.91       4.769       3.276       4.377
                                   2.3860        1.38       10.73        4.91       4.769       3.276       4.377
                                   2.7930        1.38       11.54        4.91       4.769       5.283      -0.154
                                   3.2000        1.38       12.34        4.91       4.769       7.290      -1.965
 STORY2      B9          COMIN   
                                   0.1500       -2.38       -5.00       -4.93      -4.395      -7.751      -1.859
                                   0.7090       -2.38       -3.90       -4.93      -4.395      -4.994       0.389
                                   1.2680       -2.38       -2.79       -4.93      -4.395      -2.238       1.189
                                   1.8270       -2.38       -1.68       -4.93      -4.395      -0.465       1.524
                                   2.3860       -2.38       -0.58       -4.93      -4.395      -3.209       1.396
                                   2.3860       -2.38        3.52       -4.93      -4.395      -3.209       1.396
                                   2.7930       -2.38        4.13       -4.93      -4.395      -5.207      -0.255
                                   3.2000       -2.38        4.73       -4.93      -4.395      -7.204      -5.014
 
 STORY2      B10         COMAX   
                                   0.2000        1.65       -3.20        1.93       0.164       4.658      -1.460
                                   0.5880        1.65       -2.63        1.93       0.164       3.910      -0.329
                                   0.9759        1.65       -2.05        1.93       0.164       3.161       1.742
                                   0.9759        1.65        0.07        1.93       0.164       3.161       1.742
                                   1.4495        1.65        1.01        1.93       0.164       2.247       1.488
                                   1.9231        1.65        1.94        1.93       0.164       1.333       0.789
                                   2.3968        1.65        2.88        1.93       0.164       0.419      -0.049
                                   2.8704        1.65        3.82        1.93       0.164       0.412      -0.941
                                   2.8704        1.65        8.91        1.93       0.164       0.412      -0.941
                                   2.9000        1.65        8.96        1.93       0.164       0.467      -1.046
 STORY2      B10         COMIN   
                                   0.2000       -2.17       -8.04       -1.85      -0.030      -4.537      -3.900
                                   0.5880       -2.17       -7.27       -1.85      -0.030      -3.818      -0.930
                                   0.9759       -2.17       -6.50       -1.85      -0.030      -3.099       0.579
                                   0.9759       -2.17       -0.74       -1.85      -0.030      -3.099       0.579
                                   1.4495       -2.17        0.13       -1.85      -0.030      -2.221       0.591
                                   1.9231       -2.17        0.83       -1.85      -0.030      -1.344       0.270
                                   2.3968       -2.17        1.53       -1.85      -0.030      -0.466      -0.384
                                   2.8704       -2.17        2.24       -1.85      -0.030      -0.494      -1.939
                                   2.8704       -2.17        3.53       -1.85      -0.030      -0.494      -1.939
                                   2.9000       -2.17        3.58       -1.85      -0.030      -0.552      -2.204
 
 STORY2      B11         COMAX   
                                   0.2000        1.00       -2.73       12.40       0.187       1.067      -1.810
                                   0.6500        1.00       -2.07       12.40       0.187       6.544       0.386
                                   0.6500        1.16       -2.26        4.00       0.187       6.544       0.265
                                   1.1084        1.16       -1.58        4.00       0.187       4.709       1.174
                                   1.5669        1.16       -0.90        4.00       0.187       2.874       2.616
                                   2.0253        1.16       -0.22        4.00       0.187       1.039       3.996
                                   2.4838        1.16        0.46        4.00       0.187       0.798       4.960
                                   2.4838        1.16        5.88        4.00       0.187       0.798       4.960
                                   3.0058        1.16        6.91        4.00       0.187       2.932       1.623
                                   3.5279        1.16        7.94        4.00       0.187       5.066      -0.833
                                   4.0500        1.16        8.98        4.00       0.187       7.200      -2.786
 STORY2      B11         COMIN   
                                   0.2000       -2.40       -7.70      -12.17      -0.333      -1.118      -4.471
                                   0.6500       -2.40       -6.81      -12.17      -0.333      -6.698      -1.206
                                   0.6500       -2.57       -5.28       -4.09      -0.333      -6.698      -1.392
                                   1.1084       -2.57       -4.37       -4.09      -0.333      -4.824       0.300
                                   1.5669       -2.57       -3.46       -4.09      -0.333      -2.950       1.132
                                   2.0253       -2.57       -2.56       -4.09      -0.333      -1.076       1.652
                                   2.4838       -2.57       -1.65       -4.09      -0.333      -0.796       1.860
                                   2.4838       -2.57        1.80       -4.09      -0.333      -0.796       1.860
                                   3.0058       -2.57        2.58       -4.09      -0.333      -2.886       0.464
                                   3.5279       -2.57        3.35       -4.09      -0.333      -4.976      -2.255
                                   4.0500       -2.57        4.13       -4.09      -0.333      -7.066      -6.671
 
 STORY2      B12         COMAX   
                                   0.2000        0.42       -5.59        8.33       2.895       9.210      -3.610
                                   0.7622        0.42       -4.75        8.33       2.895       4.529      -0.703
                                   0.7622        0.42       -3.32        8.33       2.895       4.529      -0.703
                                   1.3561        0.42       -2.44        8.33       2.895       0.352       2.281
                                   1.9500        0.42       -1.56        8.33       2.895       5.181       5.171
                                   1.9500        0.17       -0.43        1.37       2.895       5.181       3.919
                                   2.4067        0.17        0.25        1.37       2.895       4.554       4.747
                                   2.8634        0.17        0.93        1.37       2.895       3.928       5.361
                                   3.3201        0.17        1.71        1.37       2.895       3.301       5.563
                                   3.3201        0.17        6.72        1.37       2.895       3.301       5.563
                                   3.7801        0.17        7.63        1.37       2.895       2.670       2.261
                                   4.2400        0.17        8.54        1.37       2.895       2.039      -0.524
                                   4.7000        0.17        9.45        1.37       2.895       1.407      -2.362
 STORY2      B12         COMIN   
                                   0.2000       -2.98      -13.36       -8.13      -3.697      -9.050      -8.507
                                   0.7622       -2.98      -12.25       -8.13      -3.697      -4.478      -1.466
                                   0.7622       -2.98       -6.63       -8.13      -3.697      -4.478      -1.466
                                   1.3561       -2.98       -5.46       -8.13      -3.697      -0.415       1.009
                                   1.9500       -2.98       -4.28       -8.13      -3.697      -5.359       2.197
                                   1.9500       -2.71       -2.70       -1.48      -3.697      -5.359       1.609
                                   2.4067       -2.71       -1.80       -1.48      -3.697      -4.682       2.118
                                   2.8634       -2.71       -0.89       -1.48      -3.697      -4.006       2.319
                                   3.3201       -2.71        0.01       -1.48      -3.697      -3.329       2.209
                                   3.3201       -2.71        2.29       -1.48      -3.697      -3.329       2.209
                                   3.7801       -2.71        2.97       -1.48      -3.697      -2.647       0.942
                                   4.2400       -2.71        3.65       -1.48      -3.697      -1.965      -1.459
                                   4.7000       -2.71        4.34       -1.48      -3.697      -1.284      -5.599
 
 STORY2      B13         COMAX   
                                   0.2000       -0.55       -5.91        3.24       3.130       2.990      -2.989
                                   0.5727       -0.55       -5.35        3.24       3.130       1.782      -0.891
                                   0.9455       -0.55       -4.80        3.24       3.130       0.573       4.620
                                   0.9455       -0.55        0.02        3.24       3.130       0.573       4.620
                                   1.3591       -0.55        0.84        3.24       3.130       0.900       4.442
                                   1.7727       -0.55        1.66        3.24       3.130       2.280       3.926
                                   1.7727       -0.55       20.21        3.24       3.130       2.280       3.926
                                   2.0864       -0.55       20.83        3.24       3.130       3.327      -0.620
                                   2.4000       -0.55       21.45        3.24       3.130       4.373      -2.443
 STORY2      B13         COMIN   
                                   0.2000       -2.78      -19.72       -3.34      -4.261      -2.968      -9.532
                                   0.5727       -2.78      -18.98       -3.34      -4.261      -1.724      -2.318
                                   0.9455       -2.78      -18.25       -3.34      -4.261      -0.480       0.870
                                   0.9455       -2.78       -0.84       -3.34      -4.261      -0.480       0.870
                                   1.3591       -2.78       -0.23       -3.34      -4.261      -0.768       0.934
                                   1.7727       -2.78        0.39       -3.34      -4.261      -2.109       0.614
                                   1.7727       -2.78        5.11       -3.34      -4.261      -2.109       0.614
                                   2.0864       -2.78        5.58       -3.34      -4.261      -3.126      -2.509
                                   2.4000       -2.78        6.04       -3.34      -4.261      -4.143      -9.139
 
 STORY2      B14         COMAX   
                                   0.2000       -1.36       -7.02        0.57       0.785       1.801      -5.350
                                   0.7207       -1.36       -6.24        0.57       0.785       1.506      -1.898
                                   1.2414       -1.36       -5.47        0.57       0.785       1.210       2.460
                                   1.7621       -1.36       -4.70        0.57       0.785       0.914      10.805
                                   1.7621       -1.36        0.71        0.57       0.785       0.914      10.805
                                   2.3141       -1.36        1.80        0.57       0.785       0.600      10.114
                                   2.8660       -1.36        2.89        0.57       0.785       0.287       8.819
                                   3.4180       -1.36        3.98        0.57       0.785       0.046       6.922
                                   3.9699       -1.36        5.08        0.57       0.785       0.356       4.422
                                   4.5218       -1.36        6.17        0.57       0.785       0.667       1.319
                                   4.5218       -1.36       18.64        0.57       0.785       0.667       1.319
                                   4.9359       -1.36       19.46        0.57       0.785       0.899      -2.572
                                   5.3500       -1.36       20.28        0.57       0.785       1.132      -5.619
 STORY2      B14         COMIN   
                                   0.2000       -5.10      -18.60       -0.56      -0.659      -1.763     -15.841
                                   0.7207       -5.10      -17.57       -0.56      -0.659      -1.471      -6.422
                                   1.2414       -5.10      -16.54       -0.56      -0.659      -1.178       0.773
                                   1.7621       -5.10      -15.51       -0.56      -0.659      -0.885       3.561
                                   1.7621       -5.10       -1.09       -0.56      -0.659      -0.885       3.561
                                   2.3141       -5.10       -0.02       -0.56      -0.659      -0.575       3.797
                                   2.8660       -5.10        0.80       -0.56      -0.659      -0.264       3.518
                                   3.4180       -5.10        1.62       -0.56      -0.659      -0.027       2.700
                                   3.9699       -5.10        2.44       -0.56      -0.659      -0.341       1.429
                                   4.5218       -5.10        3.26       -0.56      -0.659      -0.654      -0.294
                                   4.5218       -5.10        6.44       -0.56      -0.659      -0.654      -0.294
                                   4.9359       -5.10        7.05       -0.56      -0.659      -0.890      -6.570
                                   5.3500       -5.10        7.67       -0.56      -0.659      -1.125     -14.798
 
 STORY2      B15         COMAX   
                                   0.2000       -0.60       -4.00        0.69       0.881       1.715      -1.990
                                   0.6844       -0.60       -3.28        0.69       0.881       1.379      -0.226
                                   1.1688       -0.60       -2.56        0.69       0.881       1.044       2.002
                                   1.6532       -0.60       -1.84        0.69       0.881       0.709       4.692
                                   1.6532       -0.60       -0.23        0.69       0.881       0.709       4.692
                                   2.1827       -0.60        0.81        0.69       0.881       0.342       4.538
                                   2.7123       -0.60        1.86        0.69       0.881       0.047       3.829
                                   3.2418       -0.60        2.91        0.69       0.881       0.457       2.565
                                   3.7714       -0.60        3.96        0.69       0.881       0.866       0.747
                                   4.3009       -0.60        5.01        0.69       0.881       1.276      -0.861
                                   4.3009       -0.60       16.35        0.69       0.881       1.276      -0.861
                                   4.9000       -0.60       17.53        0.69       0.881       1.739      -4.668
 STORY2      B15         COMIN   
                                   0.2000       -2.20       -7.95       -0.77      -1.604      -1.896      -4.771
                                   0.6844       -2.20       -6.99       -0.77      -1.604      -1.521      -1.153
                                   1.1688       -2.20       -6.03       -0.77      -1.604      -1.146       0.725
                                   1.6532       -2.20       -5.07       -0.77      -1.604      -0.772       1.936
                                   1.6532       -2.20       -1.18       -0.77      -1.604      -0.772       1.936
                                   2.1827       -2.20       -0.12       -0.77      -1.604      -0.362       2.209
                                   2.7123       -2.20        0.66       -0.77      -1.604      -0.024       2.066
                                   3.2418       -2.20        1.45       -0.77      -1.604      -0.391       1.353
                                   3.7714       -2.20        2.24       -0.77      -1.604      -0.758       0.220
                                   4.3009       -2.20        3.02       -0.77      -1.604      -1.124      -1.704
                                   4.3009       -2.20        5.91       -0.77      -1.604      -1.124      -1.704
                                   4.9000       -2.20        6.80       -0.77      -1.604      -1.539     -11.777
 
 STORY2      B16         COMAX   
                                   0.2000        1.23       -2.65        2.02       1.898       2.130      -2.194
                                   0.7100        1.23       -1.89        2.02       1.898       1.100      -1.035
                                   1.2200        1.23       -1.14        2.02       1.898       0.071      -0.262
                                   1.7300        1.23       -0.38        2.02       1.898       1.115       0.424
                                   2.2400        1.23        0.38        2.02       1.898       2.243       0.799
                                   2.7500        1.23        1.19        2.02       1.898       3.371       1.196
 STORY2      B16         COMIN   
                                   0.2000       -1.97       -5.44       -2.21      -1.889      -2.270      -6.245
                                   0.7100       -1.97       -4.43       -2.21      -1.889      -1.142      -3.727
                                   1.2200       -1.97       -3.42       -2.21      -1.889      -0.014      -1.724
                                   1.7300       -1.97       -2.41       -2.21      -1.889      -0.958      -0.236
                                   2.2400       -1.97       -1.40       -2.21      -1.889      -1.987       0.125
                                   2.7500       -1.97       -0.39       -2.21      -1.889      -3.016      -0.260
 
 STORY2      B17         COMAX   
                                   0.2000       -0.15       -7.35        0.71       0.567       0.969      -5.821
                                   0.6506       -0.15       -6.68        0.71       0.567       0.647      -2.661
                                   1.1012       -0.15       -6.01        0.71       0.567       0.325       0.197
                                   1.5518       -0.15       -5.34        0.71       0.567       0.042       7.666
                                   1.5518       -0.15       -3.42        0.71       0.567       0.042       7.666
                                   2.0422       -0.15       -2.70        0.71       0.567       0.365      11.905
                                   2.5325       -0.15       -1.97        0.71       0.567       0.699      15.668
                                   2.5325       -0.15        4.01        0.71       0.567       0.699      15.668
                                   3.0444       -0.15        5.02        0.71       0.567       1.049      13.355
                                   3.5563       -0.15        6.04        0.71       0.567       1.398      10.524
                                   3.5563       -0.15       13.56        0.71       0.567       1.398      10.524
                                   4.0552       -0.15       14.55        0.71       0.567       1.739       3.510
                                   4.5541       -0.15       15.54        0.71       0.567       2.079      -1.000
                                   5.0530       -0.15       16.53        0.71       0.567       2.420      -3.988
                                   5.0530       -0.15       25.04        8.24       0.567       2.420      -3.549
                                   5.3500       -0.15       25.62        8.24       0.567      -0.023      -6.446
 STORY2      B17         COMIN   
                                   0.2000       -4.63      -19.33       -0.68      -0.411      -0.893     -16.659
                                   0.6506       -4.63      -18.44       -0.68      -0.411      -0.585      -8.149
                                   1.1012       -4.63      -17.55       -0.68      -0.411      -0.278      -0.097
                                   1.5518       -4.63      -16.66       -0.68      -0.411       0.003       2.543
                                   1.5518       -4.63       -9.13       -0.68      -0.411       0.003       2.543
                                   2.0422       -4.63       -8.16       -0.68      -0.411      -0.348       4.133
                                   2.5325       -4.63       -7.19       -0.68      -0.411      -0.698       5.366
                                   2.5325       -4.63        0.70       -0.68      -0.411      -0.698       5.366
                                   3.0444       -4.63        1.46       -0.68      -0.411      -1.064       4.750
                                   3.5563       -4.63        2.22       -0.68      -0.411      -1.430       3.713
                                   3.5563       -4.63        4.14       -0.68      -0.411      -1.430       3.713
                                   4.0552       -4.63        4.88       -0.68      -0.411      -1.787       1.372
                                   4.5541       -4.63        5.62       -0.68      -0.411      -2.143      -3.996
                                   5.0530       -4.63        6.36       -0.68      -0.411      -2.500     -11.994
                                   5.0530       -4.63        9.53       -8.34      -0.411      -2.500      -9.814
                                   5.3500       -4.63        9.97       -8.34      -0.411      -0.106     -17.337
 
 STORY2      B21         COMAX   
                                   0.1000        5.01       -3.26        0.21       0.000       0.944       2.334
                                   0.6719        5.01       -2.41        0.21       0.000       0.826       3.954
                                   1.2438        5.01       -1.56        0.21       0.000       0.709       5.088
                                   1.8157        5.01       -0.71        0.21       0.000       0.592       5.737
                                   2.3877        5.01        0.14        0.21       0.000       0.474       6.083
                                   2.9596        5.01        0.99        0.21       0.000       0.357       7.126
                                   3.5315        5.01        1.84        0.21       0.000       0.240       7.521
                                   3.5315        5.01        5.28        0.21       0.000       0.240       7.521
                                   4.1157        5.01        6.44        0.21       0.000       0.120       4.099
                                   4.7000        5.01        7.59        0.21       0.000       0.000       0.000
 STORY2      B21         COMIN   
                                   0.1000       -6.48       -6.92       -0.18       0.000      -0.849      -7.165
                                   0.6719       -6.48       -5.79       -0.18       0.000      -0.743      -4.365
                                   1.2438       -6.48       -4.65       -0.18       0.000      -0.638      -2.049
                                   1.8157       -6.48       -3.52       -0.18       0.000      -0.532      -0.220
                                   2.3877       -6.48       -2.39       -0.18       0.000      -0.427       1.124
                                   2.9596       -6.48       -1.26       -0.18       0.000      -0.321       1.983
                                   3.5315       -6.48       -0.23       -0.18       0.000      -0.216       2.356
                                   3.5315       -6.48        1.15       -0.18       0.000      -0.216       2.356
                                   4.1157       -6.48        2.02       -0.18       0.000      -0.108       1.431
                                   4.7000       -6.48        2.88       -0.18       0.000       0.000       0.000
 
 STORY2      B22         COMAX   
                                   0.1000       16.17       -1.11        0.16      -0.114       0.567       5.196
                                   0.6833       16.17       -0.25        0.16      -0.114       0.473       5.593
                                   1.2667       16.17        0.62        0.16      -0.114       0.378       5.485
                                   1.8500       16.17        1.48        0.16      -0.114       0.284       4.871
                                   2.4333       16.17        2.35        0.16      -0.114       0.189       3.753
                                   3.0167       16.17        3.22        0.16      -0.114       0.095       2.129
                                   3.6000       16.17        4.08        0.16      -0.114       0.000       0.000
 STORY2      B22         COMIN   
                                   0.1000      -16.49       -5.96       -0.15      -0.186      -0.533     -11.782
                                   0.6833      -16.49       -5.10       -0.15      -0.186      -0.444      -8.556
                                   1.2667      -16.49       -4.23       -0.15      -0.186      -0.355      -5.834
                                   1.8500      -16.49       -3.37       -0.15      -0.186      -0.267      -3.618
                                   2.4333      -16.49       -2.50       -0.15      -0.186      -0.178      -1.907
                                   3.0167      -16.49       -1.63       -0.15      -0.186      -0.089      -0.701
                                   3.6000      -16.49       -0.77       -0.15      -0.186       0.000       0.000
 
 STORY2      B23         COMAX   
                                   0.1000        9.50       -4.78        0.25      -0.511       0.881       0.321
                                   0.5236        9.50       -4.16        0.25      -0.511       0.775       2.214
                                   0.5236        9.50       -1.56        0.25      -0.511       0.775       2.214
                                   1.0364        9.50       -0.80        0.25      -0.511       0.646       2.821
                                   1.5491        9.50       -0.04        0.25      -0.511       0.516       3.037
                                   2.0618        9.50        0.72        0.25      -0.511       0.387       2.863
                                   2.5745        9.50        1.48        0.25      -0.511       0.258       2.299
                                   3.0873        9.50        2.24        0.25      -0.511       0.129       1.345
                                   3.6000        9.50        3.00        0.25      -0.511       0.000       0.000
 STORY2      B23         COMIN   
                                   0.1000       -9.81      -15.52       -0.27      -1.452      -0.953     -10.909
                                   0.5236       -9.81      -14.69       -0.27      -1.452      -0.838      -6.703
                                   0.5236       -9.81       -4.74       -0.27      -1.452      -0.838      -6.703
                                   1.0364       -9.81       -3.73       -0.27      -1.452      -0.698      -4.611
                                   1.5491       -9.81       -2.94       -0.27      -1.452      -0.558      -2.908
                                   2.0618       -9.81       -2.18       -0.27      -1.452      -0.419      -1.596
                                   2.5745       -9.81       -1.42       -0.27      -1.452      -0.279      -0.674
                                   3.0873       -9.81       -0.66       -0.27      -1.452      -0.140      -0.142
                                   3.6000       -9.81        0.10       -0.27      -1.452       0.000       0.000
 
 STORY2      B24         COMAX   
                                   0.1250        2.03       -2.94        3.86       3.561       4.539      -2.425
                                   0.7125        2.03       -2.06        3.86       3.561       2.270      -0.956
                                   1.3000        2.03       -1.19        3.86       3.561       0.000       0.000
 STORY2      B24         COMIN   
                                   0.1250       -3.51       -5.05       -3.88      -3.022      -4.555      -4.568
                                   0.7125       -3.51       -3.89       -3.88      -3.022      -2.278      -1.943
                                   1.3000       -3.51       -2.73       -3.88      -3.022       0.000       0.000
 
 STORY2      B25         COMAX   
                                   0.1250        1.90       -7.47        9.18       2.941       5.096      -1.967
                                   0.7125        1.90       -6.60        9.18       2.941       0.357       3.728
                                   1.3000        1.90       -5.73        9.18       2.941       5.839      10.366
                                   1.3000       -1.06        4.48        0.73       2.556       0.426       9.697
                                   1.8500       -1.06        5.57        0.73       2.556       0.607       6.935
                                   2.4000       -1.06        6.66        0.73       2.556       0.897       3.715
                                   2.9500       -1.06        7.74        0.73       2.556       1.186       0.525
                                   3.5000       -1.06        8.83        0.73       2.556       1.476      -2.020
                                   4.0500       -1.06        9.92        0.73       2.556       1.765      -4.990
 STORY2      B25         COMIN   
                                   0.1250       -4.46      -13.04       -9.33      -2.459      -5.125      -3.594
                                   0.7125       -4.46      -11.88       -9.33      -2.459      -0.297       1.867
                                   1.3000       -4.46      -10.72       -9.33      -2.459      -5.689       5.511
                                   1.3000       -3.17        1.68       -0.53      -2.189       0.141       4.949
                                   1.8500       -3.17        2.49       -0.53      -2.189      -0.258       3.801
                                   2.4000       -3.17        3.31       -0.53      -2.189      -0.657       2.205
                                   2.9500       -3.17        4.13       -0.53      -2.189      -1.056      -0.386
                                   3.5000       -3.17        4.94       -0.53      -2.189      -1.456      -4.945
                                   4.0500       -3.17        5.76       -0.53      -2.189      -1.855     -10.102
 
 STORY2      B26         COMAX   
                                   0.1000        6.46       -1.69        2.29       0.670       3.158       3.794
                                   0.5374        6.46       -1.04        2.29       0.670       2.157       4.392
                                   0.9748        6.46       -0.39        2.29       0.670       1.156       4.707
                                   0.9748        6.46        0.77        2.29       0.670       1.156       4.707
                                   1.4704        6.46        1.50        2.29       0.670       0.022       4.145
                                   1.9661        6.46        2.24        2.29       0.670       0.664       4.293
                                   2.4618        6.46        2.97        2.29       0.670       1.526       3.973
                                   2.4618        6.46        4.03        2.29       0.670       1.526       3.973
                                   2.9000        6.46        4.90        2.29       0.670       2.289       2.498
                                   2.9000        2.60        3.17        0.29       0.670       2.289       3.718
                                   3.5000        2.60        4.06        0.29       0.670       2.117       1.549
                                   4.1000        2.60        4.95        0.29       0.670       1.945       0.513
                                   4.7000        2.60        5.84        0.29       0.670       1.773       0.229
 STORY2      B26         COMIN   
                                   0.1000       -7.99       -8.10       -1.74       0.336      -2.583      -7.005
                                   0.5374       -7.99       -7.23       -1.74       0.336      -1.822      -4.354
                                   0.9748       -7.99       -6.36       -1.74       0.336      -1.061      -1.987
                                   0.9748       -7.99       -3.93       -1.74       0.336      -1.061      -1.987
                                   1.4704       -7.99       -3.19       -1.74       0.336      -0.198      -0.223
                                   1.9661       -7.99       -2.46       -1.74       0.336      -1.112       1.176
                                   2.4618       -7.99       -1.72       -1.74       0.336      -2.246       1.927
                                   2.4618       -7.99       -0.98       -1.74       0.336      -2.246       1.927
                                   2.9000       -7.99       -0.33       -1.74       0.336      -3.248       0.157
                                   2.9000       -4.12       -1.75       -1.22       0.336      -3.248      -0.524
                                   3.5000       -4.12       -0.86       -1.22       0.336      -2.515       0.262
                                   4.1000       -4.12        0.03       -1.22       0.336      -1.782      -1.261
                                   4.7000       -4.12        0.92       -1.22       0.336      -1.049      -4.393
 
 STORY2      B27         COMAX   
                                   0.0000        4.69       -1.61        1.73       0.001       4.472       0.738
                                   0.3273        4.69       -1.13        1.73       0.001       3.905       1.186
                                   0.6545        4.69       -0.64        1.73       0.001       3.339       1.476
                                   0.6545        4.69        0.10        1.73       0.001       3.339       1.476
                                   1.2223        4.69        0.94        1.73       0.001       2.356       3.203
                                   1.7901        4.69        1.78        1.73       0.001       1.373       5.235
                                   1.7901        4.69        3.45        1.73       0.001       1.373       5.235
                                   2.3601        4.69        4.58        1.73       0.001       0.386       4.288
                                   2.9300        4.69        5.70        1.73       0.001       0.541       4.411
                                   3.5000        4.69        6.83        1.73       0.001       1.435       4.052
 STORY2      B27         COMIN   
                                   0.0000       -5.86       -9.46       -1.57      -0.170      -4.057      -5.234
                                   0.3273       -5.86       -8.81       -1.57      -0.170      -3.544      -2.730
                                   0.6545       -5.86       -8.16       -1.57      -0.170      -3.030      -0.832
                                   0.6545       -5.86       -5.27       -1.57      -0.170      -3.030      -0.832
                                   1.2223       -5.86       -4.14       -1.57      -0.170      -2.139       1.181
                                   1.7901       -5.86       -3.13       -1.57      -0.170      -1.248       0.409
                                   1.7901       -5.86       -1.49       -1.57      -0.170      -1.248       0.409
                                   2.3601       -5.86       -0.64       -1.57      -0.170      -0.354      -1.787
                                   2.9300       -5.86        0.21       -1.57      -0.170      -0.600      -4.466
                                   3.5000       -5.86        1.05       -1.57      -0.170      -1.587      -7.626
 
 STORY2      B29         COMAX   
                                   0.1500       -1.31       -6.05        7.31       1.188       0.914      -2.706
                                   0.2000       -1.31       -5.97        7.31       1.188       1.289      -2.404
                                   0.2000       -1.31       -4.22        0.32       1.188       1.289      -2.814
                                   0.7103       -1.31       -3.46        0.32       1.188       1.125      -0.855
                                   1.2206       -1.31       -2.70        0.32       1.188       0.961       1.066
                                   1.7309       -1.31       -1.95        0.32       1.188       0.796       3.147
                                   2.2412       -1.31       -1.19        0.32       1.188       0.632       4.726
                                   2.7515       -1.31       -0.43        0.32       1.188       0.468       5.789
                                   2.7515       -1.31        0.90        0.32       1.188       0.468       5.789
                                   3.2518       -1.31        1.89        0.32       1.188       0.307       5.093
                                   3.7521       -1.31        2.88        0.32       1.188       0.146       3.902
                                   4.2524       -1.31        3.87        0.32       1.188       0.014       2.216
                                   4.7527       -1.31        4.90        0.32       1.188       0.172       0.034
                                   5.2530       -1.31        6.06        0.32       1.188       0.330      -1.942
                                   5.2530       -1.31        9.41        9.38       1.188       0.330      -2.368
                                   5.3530       -1.31        9.61        9.38       1.188       1.254      -2.958
 STORY2      B29         COMIN   
                                   0.1500       -2.43       -9.86       -7.49      -1.164      -0.899      -5.222
                                   0.2000       -2.43       -9.77       -7.49      -1.164      -1.264      -4.731
                                   0.2000       -2.43       -6.63       -0.32      -1.164      -1.264      -4.680
                                   0.7103       -2.43       -5.62       -0.32      -1.164      -1.103      -1.556
                                   1.2206       -2.43       -4.61       -0.32      -1.164      -0.942       0.654
                                   1.7309       -2.43       -3.60       -0.32      -1.164      -0.781       1.859
                                   2.2412       -2.43       -2.59       -0.32      -1.164      -0.620       2.677
                                   2.7515       -2.43       -1.58       -0.32      -1.164      -0.459       3.109
                                   2.7515       -2.43        0.16       -0.32      -1.164      -0.459       3.109
                                   3.2518       -2.43        0.91       -0.32      -1.164      -0.302       2.830
                                   3.7521       -2.43        1.65       -0.32      -1.164      -0.144       2.173
                                   4.2524       -2.43        2.39       -0.32      -1.164      -0.024       1.144
                                   4.7527       -2.43        3.13       -0.32      -1.164      -0.176      -0.346
                                   5.2530       -2.43        3.88       -0.32      -1.164      -0.337      -3.088
                                   5.2530       -2.43        5.79       -9.24      -1.164      -0.337      -4.823
                                   5.3530       -2.43        5.94       -9.24      -1.164      -1.275      -5.775
 
 STORY2      B30         COMAX   
                                   0.0000        7.82       -1.75        0.00       0.051       0.000       0.000
                                   0.5521        7.82       -0.94        0.00       0.051       0.000       1.431
                                   1.1043        7.82       -0.12        0.00       0.051       0.000       2.258
                                   1.6564        7.82        1.09        0.00       0.051       0.000       2.482
                                   1.6564        7.82        8.16        0.00       0.051       0.000       2.482
                                   1.9500        7.82        8.74        0.00       0.051       0.000       0.000
 STORY2      B30         COMIN   
                                   0.0000       -7.62       -3.14        0.00      -0.669       0.000       0.000
                                   0.5521       -7.62       -2.04        0.00      -0.669       0.000       0.743
                                   1.1043       -7.62       -0.95        0.00      -0.669       0.000       1.033
                                   1.6564       -7.62        0.14        0.00      -0.669       0.000       0.870
                                   1.6564       -7.62        2.75        0.00      -0.669       0.000       0.870
                                   1.9500       -7.62        3.18        0.00      -0.669       0.000       0.000
 
 STORY2      B31         COMAX   
                                   0.0000        9.06       -1.91        0.00      -0.340       0.000       0.000
                                   0.5521        9.06       -1.09        0.00      -0.340       0.000       1.669
                                   1.1043        9.06       -0.27        0.00      -0.340       0.000       2.734
                                   1.6564        9.06        0.85        0.00      -0.340       0.000       3.196
                                   1.6564        9.06        7.73        0.00      -0.340       0.000       3.196
                                   2.0500        9.06        8.51        0.00      -0.340       0.000       0.000
 STORY2      B31         COMIN   
                                   0.0000       -8.93       -3.57        0.00      -2.180       0.000       0.000
                                   0.5521       -8.93       -2.48        0.00      -2.180       0.000       0.830
                                   1.1043       -8.93       -1.38        0.00      -2.180       0.000       1.208
                                   1.6564       -8.93       -0.29        0.00      -2.180       0.000       1.134
                                   1.6564       -8.93        2.59        0.00      -2.180       0.000       1.134
                                   2.0500       -8.93        3.17        0.00      -2.180       0.000       0.000
 
 STORY1      B2          COMAX   
                                   0.1250        2.29       15.02        1.06       0.965       0.750      12.140
                                   0.6417        2.29       15.79        1.06       0.965       0.204       4.180
                                   1.1583        2.29       16.56        1.06       0.965       0.312       4.573
                                   1.6750        2.29       17.32        1.06       0.965       0.802      12.471
 STORY1      B2          COMIN   
                                   0.1250       -2.62      -17.20       -0.95      -1.230      -0.669     -12.412
                                   0.6417       -2.62      -16.44       -0.95      -1.230      -0.178      -3.721
                                   1.1583       -2.62      -15.67       -0.95      -1.230      -0.341      -4.176
                                   1.6750       -2.62      -14.90       -0.95      -1.230      -0.887     -12.928
 